240.54591962970252
471.3360641272773
180.55815009211477
108.37882340228121
93.54249028373913
253.88444319623292
85.29151545315197
281.4970951724447
409.97765406530743
31.12820784244668
195.88437828660926
294.4272394716424
176.52431708156132
447.7776364695474
82.48876221334027
176.1610699650125
493.39078663575606
483.2899856304369
229.95661889758674
454.13702422590615
119.55877849055801
293.4662865184607
169.7685390375809
400.5134270559221
194.36552643444892
174.51205516076956
286.7133453202738
36.64055413999882
38.97994320394292
376.76091229821446
469.7611287816465
194.65435226319244
452.51114076281084
97.21595073762997
121.80188491534757
412.57879535048187
230.3667878187028
364.30893079599986
88.28091400245883
148.80692376892299
265.93150545524225
305.0906484920187
315.36455678356975
312.98457523128366
47.89548801026875
364.1083105008959
59.266186898399944
314.76882760226226
189.18063124905166
246.9169970400359
